00000000000000000100000000100000
00100000000010010000000000000101
00000001001010010101000000100001
00000001010010010101100000100100
00111100000011000000000000000000
00001100000100000000000000010000
10001100000011010000000000000000
10101100000011010000000000000100
00010001001010100000000000001100
00010001001000001111111111110110
10010000000011100000000000000111
10010100000011110000000000001000
00100001111110001111111111111111
00100111000110010000000000000001
00110011001010000000000000000000
00001000000100000000000000010100
00000001000000001000000000100000
00000010000000001000100000100000
10101100000100010000000000000000
00000001100000000000000000001000
00000000000000001111100000100000
00000010001000001001000000100100
00000010010100011001100000100000
00000001100000000000000000001000
